4294967294,0
4294967294,18
4294967294,14
4294967294,126
4294967279,558
4294967278,366
4294967278,195
4294967278,336
4294967278,365
4294967278,364
4294967278,370
4294967278,190
4294967278,330
4294967294,5
4294967278,188
4294967279,188
4294967278,187
4294967294,473
4294967278,186
4294967294,93
4294967294,95
4294967278,185
4294967294,50
4294967294,12
4294967294,472
4294967294,1016
4294967294,27
4294967294,30
4294967294,1167
4294967294,1166
4294967294,1164
4294967294,1163
4294967294,1158
4294967294,1019
4294967294,992
4294967294,990
4294967294,989
4294967294,988
4294967294,987
4294967294,60
4294967294,81
4294967294,1098
4294967294,92
4294967294,11
4294967294,127
4294967294,20
4294967294,13
4294967294,68
4294967279,185
4294967294,6
4294967294,22
4294967294,17
4294967294,67
4294967294,99
4294967294,76
4294967294,41
4294967294,424
4294967294,417
4294967294,51
4294967294,52
4294967294,25
4294967294,1018
4294967294,26
4294967294,1415
4294967278,132
4294967278,131
4294967278,130
4294967278,129
4294967278,128
4294967278,127
4294967278,126
4294967278,125
4294967278,124
4294967278,123
4294967278,122
4294967278,121
4294967278,120
4294967278,119
4294967278,118
4294967278,117
4294967278,116
4294967278,115
4294967278,114
4294967278,113
4294967278,112
4294967278,111
4294967278,110
4294967278,109
4294967278,108
4294967278,107
4294967278,106
4294967278,105
4294967278,104
4294967278,103
4294967278,102
4294967278,101
4294967278,100
4294967278,99
4294967278,98
4294967278,97
4294967278,96
4294967278,95
4294967278,94
4294967278,93
4294967278,92
4294967278,91
4294967278,90
4294967278,89
4294967278,87
4294967278,86
4294967278,85
4294967278,84
4294967278,83
4294967278,82
4294967278,81
4294967278,80
4294967278,79
4294967278,78
4294967278,77
4294967278,76
4294967278,75
4294967278,74
4294967278,73
4294967278,72
4294967278,71
4294967278,69
4294967278,325
4294967278,68
4294967278,323
4294967278,67
4294967278,66
4294967278,379
4294967278,65
4294967278,64
4294967278,63
4294967278,260
4294967279,85
4294967279,82
4294967279,79
4294967279,76
4294967279,73
4294967279,70
4294967279,68
4294967279,276
4294967279,65
4294967279,64
4294967279,61
4294967279,58
4294967279,541
4294967279,267
4294967279,55
4294967279,53
4294967279,303
4294967279,50
4294967279,47
4294967279,44
4294967279,41
4294967279,40
4294967279,35
4294967279,34
4294967279,287
4294967279,32
4294967279,29
4294967279,309
4294967279,27
4294967279,26
4294967279,24
4294967279,23
4294967279,328
4294967279,269
4294967279,556
4294967279,296
4294967279,17
4294967279,16
4294967279,14
4294967279,12
4294967279,10
4294967279,7
4294967279,6
4294967279,5
4294967279,4
0,5
4294967294,7
4294967278,70
4294967278,327
4294967294,437
143,5
143,4
143,3
143,2
143,1
4294967278,282
141,6
141,5
141,4
141,3
141,2
141,1
4294967294,1417
140,5
140,4
140,3
140,2
140,1
139,5
139,4
139,3
139,2
139,1
138,5
138,4
138,3
138,2
138,1
137,4
137,3
137,2
137,1
4294967278,266
4294967279,329
4294967293,131
4294967293,130
4294967293,129
4294967293,128
4294967293,127
4294967293,126
4294967293,125
4294967293,124
4294967293,123
4294967293,122
4294967293,121
4294967293,120
4294967293,119
4294967293,118
4294967293,117
4294967293,116
4294967293,115
4294967293,114
4294967293,113
4294967293,112
4294967293,111
4294967293,110
4294967293,109
4294967293,108
4294967293,107
4294967293,106
4294967293,105
4294967293,104
4294967293,103
4294967293,102
4294967293,101
4294967293,100
4294967293,99
4294967293,98
4294967293,97
4294967293,96
4294967293,95
4294967293,94
4294967293,93
4294967293,92
4294967293,91
4294967293,90
4294967293,89
4294967293,88
4294967293,87
4294967293,86
4294967293,85
4294967293,84
4294967293,83
4294967293,82
4294967293,81
4294967293,80
4294967293,79
4294967293,78
4294967293,77
4294967293,76
4294967293,75
4294967293,74
4294967293,73
4294967293,72
4294967293,71
4294967293,70
4294967293,69
4294967293,68
4294967293,67
4294967293,66
4294967293,65
4294967293,64
4294967293,63
4294967293,62
4294967293,61
4294967293,60
4294967293,59
4294967293,58
4294967293,57
4294967293,56
4294967293,55
4294967293,54
4294967293,53
4294967293,52
4294967293,51
4294967293,50
4294967293,49
4294967293,48
4294967293,47
4294967293,46
4294967293,45
4294967293,44
4294967293,43
4294967293,42
4294967293,41
4294967293,40
4294967293,39
4294967293,38
4294967293,37
4294967293,36
4294967293,35
4294967293,34
4294967293,33
4294967293,32
4294967293,31
4294967293,30
4294967293,29
4294967293,28
